data;

set NODES := 1	2	3	4	5	6	7	8	9	10	11	12	13	14	15	16	17	18	19	20	21	22	23	24	25	26	27	28	29	30	31	32	33	34	35	36	37	38	39	40	41	42	43	44	45	46	47	48	49	50	51	52	53	54	55	56	57	58	59	60	61	62	63	64;
# The number of nodes in NODES is based on the size of our grid

param start = 1; # we choose this
param stop = 50; # and this
#param N = 5;    # and this
# param N is removed for the assignment problem, but included in the shortest path model

set paths := # The nodes that we can visit
	1 2		 # Necessary to define two ways
	1 3		 # 5 6 is different from 6 5
	1 9
	1 10
	1 17
	2 1
	2 3
	2 4
	2 9
	2 10
	2 11
	2 18
	3 1
	3 2
	3 4
	3 5
	3 10
	3 11
	3 12
	3 19
	4 2
	4 3
	4 5
	4 6
	4 11
	4 12
	4 13
	4 20
	5 3
	5 4
	5 6
	5 7
	5 12
	5 13
	5 14
	5 21
	6 4
	6 5
	6 7
	6 8
	6 13
	6 14
	6 15
	6 22
	7 5
	7 6
	7 8
	7 14
	7 15
	7 16
	7 23
	8 6
	8 7
	8 15
	8 16
	8 24
	9 1
	9 2
	9 10
	9 11
	9 17
	9 18
	9 25
	10 1
	10 2
	10 3
	10 9
	10 11
	10 12
	10 17
	10 18
	10 19
	10 26
	11 2
	11 3
	11 4
	11 9
	11 10
	11 12
	11 13
	11 18
	11 19
	11 20
	11 27
	12 3
	12 4
	12 5
	12 10
	12 11
	12 13
	12 14
	12 19
	12 20
	12 21
	12 28
	13 4
	13 5
	13 6
	13 11
	13 12
	13 14
	13 15
	13 20
	13 21
	13 22
	13 29
	14 5
	14 6
	14 7
	14 12
	14 13
	14 15
	14 16
	14 21
	14 22
	14 23
	14 30
	15 6
	15 7
	15 8
	15 13
	15 14
	15 16
	15 22
	15 23
	15 24
	15 31
	16 7
	16 8
	16 14
	16 15
	16 23
	16 24
	16 32
	17 1
	17 9
	17 10
	17 18
	17 19
	17 25
	17 26
	17 33
	18 2
	18 9
	18 10
	18 11
	18 17
	18 19
	18 20
	18 25
	18 26
	18 27
	18 34
	19 3
	19 10
	19 11
	19 12
	19 17
	19 18
	19 20
	19 21
	19 26
	19 27
	19 28
	19 35
	20 4
	20 11
	20 12
	20 13
	20 18
	20 19
	20 21
	20 22
	20 27
	20 28
	20 29
	20 36
	21 5
	21 12
	21 13
	21 14
	21 19
	21 20
	21 22
	21 23
	21 28
	21 29
	21 30
	21 37
	22 6
	22 13
	22 14
	22 15
	22 20
	22 21
	22 23
	22 24
	22 29
	22 30
	22 31
	22 38
	23 7
	23 14
	23 15
	23 16
	23 21
	23 22
	23 24
	23 30
	23 31
	23 32
	23 39
	24 8
	24 15
	24 16
	24 22
	24 23
	24 31
	24 32
	24 40
	25 9
	25 17
	25 18
	25 26
	25 27
	25 33
	25 34
	25 41
	26 10
	26 17
	26 18
	26 19
	26 25
	26 27
	26 28
	26 33
	26 34
	26 35
	26 42
	27 11
	27 18
	27 19
	27 20
	27 25
	27 26
	27 28
	27 29
	27 34
	27 35
	27 36
	27 43
	28 12
	28 19
	28 20
	28 21
	28 26
	28 27
	28 29
	28 30
	28 35
	28 36
	28 37
	28 44
	29 13
	29 20
	29 21
	29 22
	29 27
	29 28
	29 30
	29 31
	29 36
	29 37
	29 38
	29 45
	30 14
	30 21
	30 22
	30 23
	30 28
	30 29
	30 31
	30 32
	30 37
	30 38
	30 39
	30 46
	31 15
	31 22
	31 23
	31 24
	31 29
	31 30
	31 32
	31 38
	31 39
	31 40
	31 47
	32 16
	32 23
	32 24
	32 30
	32 31
	32 39
	32 40
	32 48
	33 17
	33 25
	33 26
	33 34
	33 35
	33 41
	33 42
	33 49
	34 18
	34 25
	34 26
	34 27
	34 33
	34 35
	34 36
	34 41
	34 42
	34 43
	34 50
	35 19
	35 26
	35 27
	35 28
	35 33
	35 34
	35 36
	35 37
	35 42
	35 43
	35 44
	35 51
	36 20
	36 27
	36 28
	36 29
	36 34
	36 35
	36 37
	36 38
	36 43
	36 44
	36 45
	36 52
	37 21
	37 28
	37 29
	37 30
	37 35
	37 36
	37 38
	37 39
	37 44
	37 45
	37 46
	37 53
	38 22
	38 29
	38 30
	38 31
	38 36
	38 37
	38 39
	38 40
	38 45
	38 46
	38 47
	38 54
	39 23
	39 30
	39 31
	39 32
	39 37
	39 38
	39 40
	39 46
	39 47
	39 48
	39 55
	40 24
	40 31
	40 32
	40 38
	40 39
	40 47
	40 48
	40 56
	41 25
	41 33
	41 34
	41 42
	41 43
	41 49
	41 50
	41 57
	42 26
	42 33
	42 34
	42 35
	42 41
	42 43
	42 44
	42 49
	42 50
	42 51
	42 58
	43 27
	43 34
	43 35
	43 36
	43 41
	43 42
	43 44
	43 45
	43 50
	43 51
	43 52
	43 59
	44 28
	44 35
	44 36
	44 37
	44 42
	44 43
	44 45
	44 46
	44 51
	44 52
	44 53
	44 60
	45 29
	45 36
	45 37
	45 38
	45 43
	45 44
	45 46
	45 47
	45 52
	45 53
	45 54
	45 61
	46 30
	46 37
	46 38
	46 39
	46 44
	46 45
	46 47
	46 48
	46 53
	46 54
	46 55
	46 62
	47 31
	47 38
	47 39
	47 40
	47 45
	47 46
	47 48
	47 54
	47 55
	47 56
	47 63
	48 32
	48 39
	48 40
	48 46
	48 47
	48 55
	48 56
	48 64
	49 33
	49 41
	49 42
	49 50
	49 51
	49 57
	49 58
	50 34
	50 41
	50 42
	50 43
	50 49
	50 51
	50 52
	50 57
	50 58
	50 59
	51 35
	51 42
	51 43
	51 44
	51 49
	51 50
	51 52
	51 53
	51 58
	51 59
	51 60
	52 36
	52 43
	52 44
	52 45
	52 50
	52 51
	52 53
	52 54
	52 59
	52 60
	52 61
	53 37
	53 44
	53 45
	53 46
	53 51
	53 52
	53 54
	53 55
	53 60
	53 61
	53 62
	54 38
	54 45
	54 46
	54 47
	54 52
	54 53
	54 55
	54 56
	54 61
	54 62
	54 63
	55 39
	55 46
	55 47
	55 48
	55 53
	55 54
	55 56
	55 62
	55 63
	55 64
	56 40
	56 47
	56 48
	56 54
	56 55
	56 63
	56 64
	57 41
	57 49
	57 50
	57 58
	57 59
	58 42
	58 49
	58 50
	58 51
	58 57
	58 59
	58 60
	59 43
	59 50
	59 51
	59 52
	59 57
	59 58
	59 60
	59 61
	60 44
	60 51
	60 52
	60 53
	60 58
	60 59
	60 61
	60 62
	61 45
	61 52
	61 53
	61 54
	61 59
	61 60
	61 62
	61 63
	62 46
	62 53
	62 54
	62 55
	62 60
	62 61
	62 63
	62 64
	63 47
	63 54
	63 55
	63 56
	63 61
	63 62
	63 64
	64 48
	64 55
	64 56
	64 62
	64 63;

param val := # Number of subjects found at each
	1	2	 # node over the course of one year
	2	0
	3	3
	4	1
	5	3
	6	6
	7	0
	8	0
	9	0
	10	2
	11	5
	12	10
	13	7
	14	50
	15	2
	16	0
	17	0
	18	6
	19	28
	20	45
	21	6
	22	7
	23	4
	24	0
	25	0
	26	28
	27	53
	28	72
	29	74
	30	24
	31	2
	32	0
	33	1
	34	5
	35	50
	36	65
	37	24
	38	3
	39	3
	40	0
	41	0
	42	0
	43	1
	44	1
	45	23
	46	3
	47	3
	48	0
	49	0
	50	0
	51	0
	52	0
	53	19
	54	39
	55	1
	56	0
	57	0
	58	0
	59	0
	60	0
	61	13
	62	14
	63	0
	64	0;
	